[Projec1] 20554 1587747689.234536105 1587747689.894154981
[Projec1] 20555 1587747690.535272579 1587747691.200588026
[Projec1] 20565 1587747691.851563541 1587747692.505825628
[Projec1] 20566 1587747693.155158743 1587747693.809165159
[Projec1] 20567 1587747694.460832609 1587747695.117409077
[Projec1] 20568 1587747695.765831620 1587747696.419212911
[Projec1] 20569 1587747697.071716657 1587747697.733092043
[Projec1] 20570 1587747698.379413347 1587747699.040338914
[Projec1] 20571 1587747699.683536027 1587747700.342814985
[Projec1] 20572 1587747700.987122083 1587747701.640944253
